1          1       3892 
36       2806         35 
37         36          1 
72         70         35 
73         71         36 
108        105         70 
109        106         71 
144        140        105 
145        141        106 
180        175        140 
181        176        141 
216        210        175 
217        211        176 
252        245        210 
253        246        211 
288        280        245 
289        281        246 
324        315        280 
325        316        281 
360        350        315 
361        351        316 
396        385        350 
397        386        351 
432        420        385 
433        421        386 
468        455        420 
469        456        421 
504        490        455 
505        491        456 
540        525        490 
541        526        491 
576        560        525 
577        561        526 
612        595        560 
613        596        561 
648        630        595 
649        631        596 
684        665        630 
685        666        631 
720        700        665 
721        701        666 
756        735        700 
757        736        701 
792        770        735 
793        771        736 
828        805        770 
829        806        771 
864        840        805 
865        841        806 
900        875        840 
901        876        841 
936        910        875 
937        911        876 
972        945        910 
973        946        911 
1008        980        945 
1009        981        946 
1044       1015        980 
1045       1016        981 
1080       1050       1015 
1081       1051       1016 
1116       1085       1050 
1117       1086       1051 
1152       1120       1085 
1153       1121       1086 
1188       1155       1120 
1189       1156       1121 
1224       1190       1155 
1225       1191       1156 
1260       1225       1190 
1261       1226       1191 
1296       1260       1225 
1297       1261       1226 
1332       1295       1260 
1333       1296       1261 
1368       1330       1295 
1369       1331       1296 
1404       1365       1330 
1405       1366       1331 
1440       1400       1365 
1441       1401       1366 
1476       1435       1400 
1477       1436       1401 
1512       1470       1435 
1513       1471       1436 
1548       1505       1470 
1549       1506       1471 
1584       1540       1505 
1585       1541       1506 
1620       1575       1540 
1621       1576       1541 
1656       1610       1575 
1657       1611       1576 
1692       1645       1610 
1693       1646       1611 
1728       1680       1645 
1729       1681       1646 
1764       1715       1680 
1765       1716       1681 
1800       1750       1715 
1801       1751       1716 
1836       1785       1750 
1837       1786       1751 
1872       1820       1785 
1873       1821       1786 
1908       1855       1820 
1909       1856       1821 
1944       1890       1855 
1945       1891       1856 
1980       1925       1890 
1981       1926       1891 
2016       1960       1925 
2017       1961       1926 
2052       1995       1960 
2053       1996       1961 
2088       2030       1995 
2089       2031       1996 
2124       2065       2030 
2125       2066       2031 
2160       2100       2065 
2161       2101       2066 
2196       2135       2100 
2197       2136       2101 
2232       2170       2135 
2233       2171       2136 
2268       2205       2170 
2269       2206       2171 
2304       2240       2205 
2305       2241       2206 
2340       2275       2240 
2341       2276       2241 
2376       2310       2275 
2377       2311       2276 
2412       2345       2310 
2413       2346       2311 
2448       2380       2345 
2449       2381       2346 
2484       2415       2380 
2485       2416       2381 
2520       2450       2415 
2521       2451       2416 
2556       2485       2450 
2557       2451       2451 
2592       2485       2485 
2593       2686       2688 
2594       2689       2688 
2595       2508       2689 
2596       2692       2691 
2597       2693       2692 
2598       2697       2696 
2599       2831       2697 
2600       2831       2698 
2601       2699       2698 
2602       2490       2699 
2603       2492       2702 
2604       2703       2492 
2605       2703       2704 
2606       2705       2704 
2607       2706       2705 
2608       2493       2706 
2609       2707       2493 
2610       2708       2707 
2611       2709       2708 
2612       2711       2710 
2662       2516       2751 
2663       2753       2496 
2664       2496       2754 
2665       2754       2755 
2666       2755       2756 
2667       2756       2498 
2668       2498       2757 
2669       2757       2758 
2670       2758       2854 
2671       2760       2761 
2672       2844       2763 
2673       2623       2763 
2674       2623       2764 
2675       2764       2834 
2676       2834       2765 
2677       2766       2765 
2678       2767       2766 
2679       2769       2768 
2680       2770       2769 
2681       2771       2770 
2682       2486       2773 
2683       2507       2486 
2684       2774       2507 
2685       2661       2774 
2688       2762       2844 
2689       2682       2683 
2690       2712       2711 
2695       2513       2709 
2696       2772       2771 
2698       2499       2760 
2699       2695       2694 
2702       2839       2490 
2703       2805       2806 
2705       2690       2508 
2706       2761       2762 
2708       2775       2805 
2711       2701       2700 
2714       2694       2693 
2717       2808       2661 
2719       2751       2752 
2720       2627       2767 
2722       2686       2687 
2723       2687       2681 
2724       2683       3892 
2730       2752       2753 
2733       2681       2682 
2734       2710       2513 
2737       2773       2772 
2738       2768       2627 
2740       2511       2695 
2742       2702       2701 
2743       2696       2511 
2746       2808       2775 
2747       2691       2690 
2753       2839       2700 
2754       2854       2499 
