   0.0000000e+00   0.0000000e+00   0.0000000e+00   0.0000000e+00   0.0000000e+00   0.0000000e+00   0.0000000e+00   0.0000000e+00   0.0000000e+00   0.0000000e+00   0.0000000e+00   0.0000000e+00   0.0000000e+00   0.0000000e+00   0.0000000e+00   0.0000000e+00   0.0000000e+00   0.0000000e+00   0.0000000e+00   0.0000000e+00   0.0000000e+00   0.0000000e+00   0.0000000e+00   0.0000000e+00   0.0000000e+00   0.0000000e+00   0.0000000e+00
   1.0000000e-02   2.2204588e-14   1.8229708e-13   1.0390697e-01   2.2305744e-14   1.2685390e-01   1.7202346e-02   4.1745226e-14   2.1331292e-03   9.3748251e-02   2.8514527e-02   7.9082012e-14   2.4183998e-01   1.1610898e-01   5.2044079e-02   7.8098443e-02   6.7115769e-02   3.0825787e-01   2.4516491e-01   2.5917473e-01   3.0711236e-01   2.2334774e-01   4.1656804e-01   3.9048853e-01   2.4297269e-01   2.5438060e-01   2.7908712e-01
   2.0000000e-02   2.2204634e-14   2.3171407e-13   5.0924351e-02   1.2859543e-02   1.0012082e-01   1.8553507e-02   4.1774663e-14   5.1854910e-02   1.1254669e-01   1.8505433e-01   2.5944637e-01   1.5363474e-01   1.6150569e-01   1.6217586e-01   1.9151656e-01   2.5717940e-01   2.8721520e-01   3.2017961e-01   3.1817739e-01   3.5879575e-01   4.1110614e-01   4.3629813e-01   4.2866560e-01   3.8620525e-01   4.0351050e-01   3.7555514e-01
   3.0000000e-02   2.2204578e-14   5.0472918e-13   1.0625424e-01   1.3026405e-01   1.5880031e-01   1.2090075e-01   1.4449307e-02   1.1387263e-01   2.0820270e-01   2.1881179e-01   3.3053293e-01   2.0855362e-01   2.3051254e-01   2.0827049e-01   2.5522729e-01   3.2123650e-01   3.9933386e-01   4.1006280e-01   4.2120140e-01   4.6609486e-01   4.6519690e-01   4.9020731e-01   4.7692844e-01   4.7256454e-01   4.8007447e-01   4.4582185e-01
   4.0000000e-02   2.2204609e-14   4.4341502e-13   8.5682348e-02   2.2273354e-01   2.2656370e-01   2.4318193e-01   2.0948547e-01   2.4126507e-01   2.7440354e-01   3.0928188e-01   3.7202406e-01   3.2132133e-01   3.1259807e-01   2.9579370e-01   2.8855380e-01   4.3770921e-01   4.2733905e-01   4.7812117e-01   4.7979274e-01   5.1641703e-01   5.4544175e-01   5.1914611e-01   5.1381281e-01   5.4623062e-01   5.3058795e-01   4.9299896e-01
   5.0000000e-02   2.2204573e-14   2.1130531e-13   1.4102937e-01   2.4694854e-01   2.3546236e-01   3.0875780e-01   3.4533175e-01   3.5026449e-01   3.7076835e-01   3.6601565e-01   4.0972621e-01   4.0676297e-01   3.2274313e-01   2.0151802e-01   3.3815077e-01   4.2692143e-01   5.2047133e-01   5.2489690e-01   5.1684282e-01   5.9607068e-01   5.6180737e-01   5.4806218e-01   5.6267516e-01   5.6291954e-01   5.4080327e-01   5.0410401e-01
   6.0000000e-02   2.2204600e-14   2.0540048e-13   1.4308884e-01   3.0740350e-01   2.9901187e-01   3.1419914e-01   3.6332772e-01   4.0190123e-01   4.2314336e-01   3.7511319e-01   4.3750113e-01   4.0140680e-01   4.5909758e-01   2.6810274e-01   3.6370521e-01   4.2446128e-01   5.5858175e-01   5.6696180e-01   5.5032493e-01   6.1658179e-01   5.5489446e-01   5.5525580e-01   5.6384750e-01   5.6389089e-01   5.4713463e-01   5.1280885e-01
   7.0000000e-02   2.2204573e-14   1.4713653e-13   9.9887038e-02   2.8221219e-01   3.4104805e-01   3.1955512e-01   4.1559657e-01   4.2899429e-01   4.3962686e-01   4.2028403e-01   3.9782046e-01   4.1318139e-01   4.6613330e-01   3.9088229e-01   2.8586982e-01   4.3021058e-01   5.2622636e-01   5.5559875e-01   5.4561051e-01   5.8308877e-01   5.6046541e-01   5.4715838e-01   5.4453697e-01   5.4395974e-01   5.1474684e-01   4.8188113e-01
   8.0000000e-02   2.2204598e-14   6.5133602e-12   2.0087358e-02   2.6303570e-01   2.7114574e-01   3.3039359e-01   4.1541942e-01   4.2877454e-01   4.3230904e-01   4.2562094e-01   3.7775435e-01   4.0774242e-01   3.8582680e-01   3.4898647e-01   2.8078937e-01   4.2716208e-01   4.9690421e-01   5.0660997e-01   5.3512756e-01   5.6559118e-01   5.9285583e-01   5.7027610e-01   5.7219434e-01   5.4250017e-01   4.8062968e-01   4.4681108e-01
   9.0000000e-02   2.2204572e-14   2.2406354e-14   2.2206882e-14   2.7613994e-01   2.2503167e-01   3.2215259e-01   3.7234552e-01   4.3068886e-01   4.3246369e-01   4.3105573e-01   4.3488209e-01   4.7365111e-01   4.6705179e-01   4.2795130e-01   3.8238907e-01   4.2129405e-01   4.6855487e-01   5.0772538e-01   5.4938376e-01   5.3742872e-01   5.5812098e-01   5.6649712e-01   5.6938441e-01   5.4446045e-01   4.9741084e-01   4.5730525e-01
   1.0000000e-01   2.2204585e-14   2.2279571e-14   2.2206862e-14   2.3724986e-01   2.4272869e-01   3.1607027e-01   3.4655284e-01   3.8336471e-01   4.3857570e-01   4.7102859e-01   4.7926738e-01   4.7611056e-01   4.8524254e-01   5.4951054e-01   4.4582264e-01   4.1791008e-01   4.8098972e-01   5.0515775e-01   5.4647089e-01   5.2519918e-01   5.1284639e-01   5.2243597e-01   5.1101648e-01   5.3487887e-01   5.1651492e-01   4.7401706e-01
   1.1000000e-01   2.2204558e-14   3.0976880e-13   2.2206890e-14   1.6350721e-01   2.2835933e-01   3.5187694e-01   3.5390112e-01   3.4974302e-01   3.8096601e-01   5.0189039e-01   4.9818281e-01   5.1949925e-01   4.7221420e-01   5.4861115e-01   5.0077033e-01   4.1912210e-01   5.1800238e-01   4.8708904e-01   5.2645106e-01   5.3085325e-01   5.0913750e-01   5.0018812e-01   4.7033983e-01   4.9413593e-01   4.9138839e-01   4.4697549e-01
   1.2000000e-01   2.2204588e-14   2.2208166e-14   2.2206866e-14   1.4377086e-01   1.5929128e-01   3.1617775e-01   3.0585807e-01   3.3110929e-01   3.7399025e-01   5.0643430e-01   5.3909289e-01   5.4344780e-01   5.1466564e-01   5.6284087e-01   5.0320092e-01   3.9608901e-01   4.5944352e-01   4.6068444e-01   5.1222509e-01   5.1499185e-01   4.5833166e-01   4.7911807e-01   4.6313476e-01   4.5851163e-01   4.5708058e-01   4.4747257e-01
   1.3000000e-01   2.2204558e-14   4.1328753e-13   2.2207148e-14   1.1805445e-01   1.7198804e-01   2.1137004e-01   2.4028493e-01   3.3598012e-01   3.8505969e-01   4.9970713e-01   5.9031794e-01   5.6726956e-01   5.9322270e-01   6.0980438e-01   4.9714184e-01   3.5170414e-01   4.3594886e-01   4.4148149e-01   4.7345604e-01   4.9202078e-01   4.4976202e-01   4.6084118e-01   4.5135771e-01   4.3931616e-01   4.2879658e-01   4.4698984e-01
   1.4000000e-01   2.2204596e-14   2.2213009e-14   2.2183084e-01   6.7980086e-02   1.8639249e-01   2.0004211e-01   2.4265341e-01   2.9046857e-01   3.4342816e-01   4.7744424e-01   5.5739559e-01   5.9431040e-01   6.2122914e-01   6.6657777e-01   6.1994546e-01   3.8465859e-01   4.5105789e-01   4.3827516e-01   4.6161984e-01   5.0179856e-01   4.9705408e-01   4.7403025e-01   4.5773326e-01   4.4967615e-01   4.3609581e-01   4.1662400e-01
   1.5000000e-01   2.2204579e-14   1.9927733e-13   3.5807318e-01   1.1884274e-01   1.1160659e-01   1.7162564e-01   2.4853044e-01   2.5593618e-01   2.9336125e-01   4.0576157e-01   4.8062681e-01   5.9858172e-01   6.7238329e-01   7.0066386e-01   7.3079396e-01   5.0144274e-01   4.0419707e-01   4.1545466e-01   4.9307074e-01   4.7431560e-01   4.8475308e-01   4.6448427e-01   4.7469918e-01   4.5978206e-01   4.4319104e-01   4.3282693e-01
   1.6000000e-01   2.2204585e-14   3.1998194e-14   2.4283160e-01   1.7564809e-01   6.2492947e-02   1.1025112e-01   2.2223006e-01   2.5837318e-01   2.7308743e-01   3.1877159e-01   3.9848134e-01   5.3734181e-01   6.2755009e-01   6.5594358e-01   7.0101587e-01   5.6935921e-01   3.8479915e-01   4.3800905e-01   5.2568922e-01   4.1771086e-01   4.7667251e-01   4.7339068e-01   5.1365796e-01   4.7398965e-01   4.5716094e-01   4.8303303e-01
   1.7000000e-01   2.2204608e-14   3.0832620e-13   9.4538750e-02   2.2499526e-01   1.1722770e-01   1.1184347e-01   1.9771022e-01   2.2206569e-01   2.2048256e-01   2.4941420e-01   3.0935545e-01   4.2288215e-01   5.3769285e-01   5.8595953e-01   7.0996822e-01   5.8780568e-01   4.4177461e-01   5.2106447e-01   5.3468363e-01   4.6010629e-01   4.9886997e-01   4.8833655e-01   5.2126964e-01   5.0636306e-01   4.5863599e-01   4.9317665e-01
   1.8000000e-01   2.2204586e-14   5.6900932e-14   1.9170514e-07   2.6537628e-01   1.3818925e-01   1.2794824e-01   1.8671456e-01   1.5045113e-01   1.3911384e-01   2.3182277e-01   2.3672378e-01   3.5157784e-01   4.7863244e-01   5.0410780e-01   7.2451432e-01   6.3802414e-01   4.7492912e-01   5.4643889e-01   5.5295719e-01   5.2515407e-01   4.7954723e-01   4.5396766e-01   4.8641821e-01   5.0465792e-01   4.4453724e-01   4.8481136e-01
   1.9000000e-01   2.2204567e-14   5.3117096e-13   2.2204507e-14   2.5285513e-01   9.3942645e-02   1.1994290e-01   1.7235493e-01   1.6883089e-01   1.7716597e-01   2.0053084e-01   2.0259181e-01   3.3752330e-01   4.4595208e-01   4.7413553e-01   6.2501909e-01   6.4226410e-01   5.0858950e-01   5.4722151e-01   5.6090720e-01   5.4065355e-01   5.0312237e-01   4.4285024e-01   4.8377259e-01   4.7829281e-01   4.7441032e-01   4.8309102e-01
   2.0000000e-01   2.2204593e-14   1.0312882e-13   2.2209688e-14   1.7225232e-01   1.0332462e-01   9.5394159e-02   8.5881152e-02   1.5668059e-01   1.8399771e-01   1.9718527e-01   2.2748832e-01   3.3635772e-01   4.3022684e-01   4.5498030e-01   5.6715703e-01   6.6753576e-01   6.0021223e-01   5.2898275e-01   5.4224526e-01   5.6309917e-01   5.4498517e-01   4.9238985e-01   4.7492840e-01   4.9477317e-01   5.0360069e-01   4.8151938e-01
   2.1000000e-01   2.2204556e-14   6.3680824e-13   2.2206230e-14   1.0677970e-01   1.7335756e-01   1.9454880e-02   3.3749257e-02   1.1837625e-01   1.2983937e-01   2.7124286e-01   3.0135898e-01   3.1485619e-01   4.4426092e-01   4.5232223e-01   5.8275562e-01   7.9535718e-01   6.5132357e-01   4.9258476e-01   5.6558956e-01   5.7669601e-01   5.4103998e-01   5.5440506e-01   4.9844236e-01   5.3203889e-01   4.8761475e-01   4.8728547e-01
   2.2000000e-01   2.2204626e-14   9.1870360e-14   2.2207780e-14   3.8554143e-02   1.4004997e-01   8.2637030e-02   1.7148188e-01   1.9606101e-01   1.4478962e-01   3.2535014e-01   2.9833324e-01   3.3875969e-01   4.6770909e-01   4.7895790e-01   5.1347224e-01   9.2331531e-01   7.1669087e-01   5.3682127e-01   6.1348347e-01   5.4164500e-01   5.1387552e-01   5.5022740e-01   5.2642228e-01   5.6961688e-01   5.7249654e-01   5.4314959e-01
   2.3000000e-01   2.2204526e-14   1.1328376e-12   2.2206191e-14   2.2205439e-14   7.1796442e-02   3.1173893e-01   4.4912384e-01   2.9298612e-01   1.5329056e-01   3.5375466e-01   2.5383938e-01   3.6789711e-01   4.9073865e-01   5.1788963e-01   4.4013134e-01   9.7370434e-01   8.2827447e-01   6.6025619e-01   6.3563096e-01   5.0850741e-01   4.9547819e-01   5.7175905e-01   5.5420345e-01   6.4517558e-01   7.0035084e-01   6.3305884e-01
   2.4000000e-01   8.2273554e-03   2.3991415e-14   2.2207756e-14   3.5433475e-01   1.2470249e-01   5.7267726e-01   7.4188223e-01   5.1217027e-01   1.3896556e-01   3.9639747e-01   1.4016974e-01   2.9569782e-01   4.4991149e-01   4.9546099e-01   4.2961324e-01   1.0000000e+00   9.2046799e-01   8.5608842e-01   6.9825005e-01   5.1742837e-01   3.7093816e-01   5.0336120e-01   6.0161953e-01   7.9146707e-01   8.3224990e-01   8.1414414e-01
   2.5000000e-01   2.2204493e-14   1.5107733e-12   2.2205041e-14   6.8494848e-01   1.6051785e-01   7.5640129e-01   8.7933519e-01   6.8130005e-01   1.4410207e-01   4.2083850e-01   3.1922122e-14   2.0938236e-01   3.9372587e-01   4.5682419e-01   4.1247651e-01   9.0674326e-01   9.8419445e-01   9.7379925e-01   7.5881159e-01   5.2415412e-01   2.4356568e-01   3.9655422e-01   6.3577515e-01   9.2820222e-01   9.8929272e-01   9.9271498e-01
